[MINIMUM WATER SHELL THICKNESS]
        3.000000e+00
[ENCLOSING SPHERE (X,Y,Z,R)]
        6.358938e+01
        6.210178e+01
        2.381407e+01
        1.013557e+02
[NR OF GAUSSIANS]
8
[SURFACE LEVEL]
        2.500000e-01
[GAUSSIAN HEIGHTS]
        1.019548e+00
        9.304799e-01
        9.294091e-01
        1.070959e+00
        1.032190e+00
        9.255580e-01
        1.079959e+00
        1.042145e+00
[GAUSSIAN CENTERS]
        6.585397e+01         9.738024e+00         3.316551e+01
        6.598181e+01         5.696736e+01         3.256407e+01
        6.678550e+01         6.198742e+01         1.169996e+01
        9.386272e+01         1.139348e+02         3.332976e+01
        1.209102e+02         6.025335e+01         3.399852e+01
        6.479176e+01         5.926154e+01         5.448114e+01
        3.119956e+01         1.083588e+02         3.383765e+01
        1.065203e+01         4.596714e+01         3.290577e+01
[GAUSSIAN VARIANCES]
        1.887058e+03         4.022221e+02         2.612116e+02
        1.145647e+03         9.431893e+02         3.175394e+02
        1.663773e+03         1.458676e+03         1.423622e+02
        8.580950e+02         4.342003e+02         3.961196e+02
        1.644861e+03         4.035063e+02         2.774288e+02
        1.672958e+03         1.524567e+03         1.388788e+02
        8.458589e+02         4.040060e+02         4.107341e+02
        1.415008e+03         4.144067e+02         2.964388e+02
[GAUSSIAN ORIENTATIONS]
       -9.963386e-01        -1.159740e-02        -8.470453e-02
       -8.218642e-02        -1.430219e-01         9.863012e-01
       -2.355313e-02         9.896516e-01         1.415451e-01
       -9.994421e-01        -2.864358e-02         1.717933e-02
        2.823310e-02        -9.993209e-01        -2.367851e-02
        1.784590e-02        -2.318027e-02         9.995720e-01
       -9.997976e-01        -1.786735e-02        -9.243352e-03
        1.784935e-02        -9.998386e-01         2.025838e-03
       -9.278057e-03         1.860440e-03         9.999552e-01
       -9.993901e-01         3.676160e-03         3.472715e-02
        1.248526e-02        -8.910998e-01         4.536357e-01
        3.261299e-02         4.537926e-01         8.905104e-01
       -5.660897e-02         1.469245e-01         9.875265e-01
       -9.969278e-01        -6.194846e-02        -4.793117e-02
        5.413348e-02        -9.872059e-01         1.499800e-01
       -8.868737e-01         4.619993e-01        -3.431071e-03
       -4.619963e-01        -8.868803e-01        -1.661236e-03
       -3.810440e-03         1.118356e-04         9.999927e-01
       -8.850645e-01         4.616412e-01        -5.956731e-02
       -4.602814e-01        -8.489536e-01         2.596514e-01
        6.929591e-02         2.572260e-01         9.638635e-01
        5.014293e-02         9.365506e-02         9.943412e-01
       -9.986888e-01        -5.581871e-03         5.088792e-02
        1.031619e-02        -9.955891e-01         9.325237e-02
